 2.55142 2.66265 2.28049 2.87654 2.13325 1.93382 3.13822 2.80969 3.36188 1.80502 2.18417 2.39254 2.62777 2.25222 2.23722 3.12698 0 0 0 0 0 0 0 0 0 0 0 0 0 0 0
 3.62631 4.52634 3.07071 4.05996 3.8912 3.36602 4.93902 3.61997 3.58947 2.41264 3.93471 4.30875 4.14371 4.09304 4.29656 3.38872 0 0 0 0 0 0 0 0 0 0 0 0 0 0 0
 3.80594 4.12771 4.05144 4.90491 4.39905 3.71891 4.5274 3.52474 4.23382 3.64412 4.5082 4.29316 4.14567 4.27974 4.42363 4.00768 0 0 0 0 0 0 0 0 0 0 0 0 0 0 0
 2.39302 2.92851 2.3694 3.7046 3.4973 2.43616 3.66007 3.36784 2.95289 1.82318 3.27244 3.29817 2.92194 3.11436 2.94709 2.95379 0 0 0 0 0 0 0 0 0 0 0 0 0 0 0
 3.02085 3.44196 3.1403 4.43138 3.93384 2.9742 3.6891 3.19806 3.30561 2.96714 3.65998 3.62004 3.39092 3.8719 3.74974 3.16165 0 0 0 0 0 0 0 0 0 0 0 0 0 0 0
 3.04266 2.63727 2.12108 3.51435 2.8794 2.09148 2.34515 1.97487 2.47009 2.30168 2.64678 2.27952 2.59631 2.44506 2.66882 2.59666 0 0 0 0 0 0 0 0 0 0 0 0 0 0 0
 2.61877 3.7407 2.98499 4.01315 3.77476 2.41277 4.37424 3.24676 3.75694 2.37446 3.53922 3.30742 3.20314 3.93769 3.37739 3.25856 0 0 0 0 0 0 0 0 0 0 0 0 0 0 0
 3.43746 4.16357 4.53504 5.44843 5.27478 3.51782 5.68128 4.04239 5.51582 3.49161 4.57391 4.41965 4.05542 5.50034 4.97358 4.63275 0 0 0 0 0 0 0 0 0 0 0 0 0 0 0
 2.92525 3.91404 2.88393 3.79194 4.2876 3.2013 5.39572 4.08168 3.77329 2.30033 4.19782 4.06553 3.60251 4.08244 4.22717 3.57234 0 0 0 0 0 0 0 0 0 0 0 0 0 0 0
 3.77106 4.60308 3.88507 4.12513 4.61699 3.97782 5.76712 4.56077 4.68373 3.48191 4.62587 5.05074 4.37543 4.5452 5.1321 4.62878 0 0 0 0 0 0 0 0 0 0 0 0 0 0 0
 2.00099 2.7268 3.01654 4.12372 3.60164 2.2315 3.93226 3.24151 3.92524 2.1903 2.93878 3.13074 2.71022 3.69793 2.96897 3.53755 0 0 0 0 0 0 0 0 0 0 0 0 0 0 0
 3.76281 3.67797 3.60183 5.39151 4.40361 3.71197 5.07944 3.63282 4.15067 3.48672 3.51681 4.06262 3.35314 4.55984 4.49819 4.03018 0 0 0 0 0 0 0 0 0 0 0 0 0 0 0
 4.11994 4.22865 4.23462 5.98614 5.41916 3.08032 5.46033 4.07924 5.8988 2.9213 4.15898 4.17693 3.9909 5.22761 4.52648 4.64533 0 0 0 0 0 0 0 0 0 0 0 0 0 0 0
 3.58642 4.50357 3.8294 4.93352 4.31254 3.69056 5.39339 3.86186 4.71601 3.59791 4.07128 4.2504 3.80104 4.57981 4.53467 4.4987 0 0 0 0 0 0 0 0 0 0 0 0 0 0 0
 3.49544 4.57187 4.15105 5.16664 5.13531 3.8572 5.2591 3.87836 4.65938 3.23757 4.08525 4.92236 4.01429 4.97392 4.57078 4.59107 0 0 0 0 0 0 0 0 0 0 0 0 0 0 0
 4.24354 5.20995 4.14417 6.19309 5.46164 3.72226 5.91989 4.77754 5.27367 3.85585 5.06761 4.86048 4.43362 5.92519 5.17531 4.83172 0 0 0 0 0 0 0 0 0 0 0 0 0 0 0
 0 0 0 0 0 0 0 0 0 0 0 0 0 0 0 0 0 0 0 0 0 0 0 0 0 0 0 0 0 0 0
 0 0 0 0 0 0 0 0 0 0 0 0 0 0 0 0 0 0 0 0 0 0 0 0 0 0 0 0 0 0 0
 0 0 0 0 0 0 0 0 0 0 0 0 0 0 0 0 0 0 0 0 0 0 0 0 0 0 0 0 0 0 0
 0 0 0 0 0 0 0 0 0 0 0 0 0 0 0 0 0 0 0 0 0 0 0 0 0 0 0 0 0 0 0
 0 0 0 0 0 0 0 0 0 0 0 0 0 0 0 0 0 0 0 0 0 0 0 0 0 0 0 0 0 0 0
 0 0 0 0 0 0 0 0 0 0 0 0 0 0 0 0 0 0 0 0 0 0 0 0 0 0 0 0 0 0 0
 0 0 0 0 0 0 0 0 0 0 0 0 0 0 0 0 0 0 0 0 0 0 0 0 0 0 0 0 0 0 0
 0 0 0 0 0 0 0 0 0 0 0 0 0 0 0 0 0 0 0 0 0 0 0 0 0 0 0 0 0 0 0
 0 0 0 0 0 0 0 0 0 0 0 0 0 0 0 0 0 0 0 0 0 0 0 0 0 0 0 0 0 0 0
 0 0 0 0 0 0 0 0 0 0 0 0 0 0 0 0 0 0 0 0 0 0 0 0 0 0 0 0 0 0 0
 0 0 0 0 0 0 0 0 0 0 0 0 0 0 0 0 0 0 0 0 0 0 0 0 0 0 0 0 0 0 0
 0 0 0 0 0 0 0 0 0 0 0 0 0 0 0 0 0 0 0 0 0 0 0 0 0 0 0 0 0 0 0
 0 0 0 0 0 0 0 0 0 0 0 0 0 0 0 0 0 0 0 0 0 0 0 0 0 0 0 0 0 0 0
 0 0 0 0 0 0 0 0 0 0 0 0 0 0 0 0 0 0 0 0 0 0 0 0 0 0 0 0 0 0 0
 0 0 0 0 0 0 0 0 0 0 0 0 0 0 0 0 0 0 0 0 0 0 0 0 0 0 0 0 0 0 0
